1 1.55741        0
2 -2.18504        0
3 -0.142547        0.142547
4 1.15782        0.142547
5 -3.38052        0.142547
6 -0.291006        0.433553
7 0.871448        0.433553
8 -6.79971        0.433553
9 -0.452316        16.8378
10 0.648361        17.4862
11 -225.951        17.4862
12 -0.63586        18.122
13 0.463021        18.5851
14 7.24461        25.8297
15 -0.855993        26.6857
16 0.300632        26.9863
17 3.49392        30.4802
18 -1.13731        31.6175
19 0.151589        31.7691
20 2.23716        34.0063
21 -1.5275        35.5338
22 0.00885166        35.5426
23 1.58815        37.1308
24 -2.1349        39.2657
25 -0.133526        39.3992
26 1.17875        40.5779
27 -3.2737        43.8516
28 -0.28143        44.1331
29 0.887143        45.0202
30 -6.40533        51.4256
31 -0.441696        51.8672
32 0.661006        52.5283
33 -75.313        52.5283
34 -0.623499        53.1518
35 0.473815        53.6256
36 7.75047        61.376
37 -0.840771        62.2168
38 0.31031        62.5271
39 3.61455        66.1417
40 -1.11721        67.2589
41 0.160657        67.4195
42 2.29139        69.7109
43 -1.49839        71.2093
44 0.0177047        71.227
45 1.61978        72.8468
46 -2.08661        74.9334
47 -0.124528        75.0579
48 1.20013        151.571
49 -3.17291        154.744
50 -0.271901        155.016
51 0.903086        155.919
52 -6.05327        161.972
53 -0.431158        162.403
54 0.6738        163.077
55 -45.1831        208.26
56 -0.611274        208.872
57 0.484699        209.356
58 8.33086        217.687
59 -0.825774        218.513
60 0.32004        218.833
61 3.74317        222.576
62 -1.09751        223.674
63 0.16975        223.843
64 2.34786        452.142
65 -1.47004        453.612
66 0.0265605        453.639
67 1.65232        455.291
68 -2.04008        457.331
69 -0.115549        457.447
70 1.22196        458.669
71 -3.07762        461.746
72 -0.262417        462.009
73 0.919286        462.928
74 -5.73702        468.665
75 -0.420701        469.086
76 0.686748        469.772
77 -32.2686        502.041
78 -0.59918        502.64
79 0.495678        503.136
80 9.00365        512.139
81 -0.810994        512.95
82 0.329826        513.28
83 3.8806        517.161
84 -1.07818        518.239
85 0.17887        518.418
86 2.40673        520.825
87 -1.44242        522.267
88 0.0354205        522.303
89 1.68583        523.988
90 -1.9952        525.984
91 -0.106588        526.09
92 1.24427        527.334
93 -2.98739        530.322
94 -0.252978        530.575
95 0.935752        531.511
96 -5.45134        536.962
97 -0.410321        537.372
98 0.699854        538.072
99 -25.0925        563.165
100 -0.587214        563.752
101 0.506753        564.259
102 9.79298        574.052
103 -0.796426        574.848
104 0.33967        575.188
105 4.0278        579.215
106 -1.05922        580.275
107 0.18802        580.463
108 2.46816        582.931
109 -1.41549        584.346
110 0.044286        584.391
111 1.72035        586.111
112 -1.95188        588.063
113 -0.0976441        588.16
114 1.26708        589.428
115 -2.9018        592.329
116 -0.243581        592.573
117 0.952494        593.525
118 -5.19196        598.717
119 -0.400017        599.117
120 0.713123        599.831
121 -20.5249        620.355
122 -0.575372        620.931
123 0.517927        621.449
124 10.7321        632.181
125 -0.782061        632.963
126 0.349572        633.312
127 4.18589        637.498
128 -1.04061        638.539
129 0.197199        638.736
130 2.53234        641.269
131 -1.38924        642.658
132 0.0531585        642.711
133 1.75594        644.467
134 -1.91003        646.377
135 -0.0887158        646.466
136 1.2904        647.756
137 -2.8205        650.576
138 -0.234224        650.811
139 0.969519        651.78
140 -4.95537        656.736
141 -0.389785        657.125
142 0.726561        657.852
143 -17.3618        675.214
144 -0.563649        675.777
145 0.529205        676.307
146 11.8685        688.175
147 -0.767893        688.943
148 0.359537        689.302
149 4.35615        693.659
150 -1.02235        694.681
151 0.206411        694.887
152 2.59946        697.487
153 -1.36362        698.85
154 0.0620394        698.912
155 1.79265        700.705
156 -1.86956        702.575
157 -0.0798014        702.654
158 1.31427        703.969
159 -2.74317        706.712
160 -0.224906        706.937
161 0.98684        707.924
162 -4.73867        712.662
163 -0.379624        713.042
164 0.740173        713.782
165 -15.0414        728.823
166 -0.552043        729.376
167 0.540589        729.916
168 13.2716        743.188
169 -0.753917        743.942
170 0.369564        744.311
171 4.54006        748.851
172 -1.00441        749.856
173 0.215657        750.071
174 2.66974        752.741
175 -1.33861        754.08
176 0.07093        754.151
177 1.83055        755.981
178 -1.83042        757.812
179 -0.0708997        757.882
180 1.33869        759.221
181 -2.66949        761.891
182 -0.215625        762.106
183 1.00447        763.111
184 -4.53941        767.65
185 -0.36953        768.02
186 0.753964        768.774
187 -13.2662        782.04
188 -0.54055        782.58
189 0.552083        783.132
190 15.0482        798.181
191 -0.740126        798.921
192 0.379658        799.3
193 4.73937        804.04
194 -0.98678        805.027
195 0.224938        805.252
196 2.74342        807.995
197 -1.31418        809.309
198 0.0798318        809.389
199 1.8697        811.259
200 -1.79253        813.051
201 -0.0620091        813.113
202 1.3637        814.477
203 -2.59922        817.076
204 -0.20638        817.283
205 1.02241        818.305
206 -4.35555        822.66
207 -0.359503        823.02
208 0.767941        823.788
209 -11.8642        835.652
210 -0.529167        836.181
211 0.563689        836.745
212 17.3709        854.116
213 -0.726515        854.842
214 0.38982        855.232
215 4.95614        860.188
216 -0.969461        861.158
217 0.234256        861.392
218 2.82077        864.213
219 -1.29032        865.503
220 0.0887461        865.592
221 1.91017        867.502
222 -1.75582        869.258
223 -0.0531283        869.311
224 1.38932        870.7
225 -2.53211        873.232
226 -0.197168        873.43
227 1.04068        874.47
228 -4.18533        878.656
229 -0.349539        879.005
230 0.782109        879.787
231 -10.7286        890.516
232 -0.517889        891.034
233 0.575412        891.609
234 20.5376        912.147
235 -0.713078        912.86
236 0.400052        913.26
237 5.1928        918.453
238 -0.952436        919.405
239 0.243613        919.649
240 2.90209        922.551
241 -1.267        923.818
242 0.0976745        923.916
243 1.95202        925.868
244 -1.72023        927.588
245 -0.0442558        927.632
246 1.41558        929.048
247 -2.46795        931.516
248 -0.187988        931.704
249 1.05929        932.763
250 -4.02728        936.79
251 -0.339636        937.13
252 0.796475        937.926
253 -9.79006        947.716
254 -0.506715        948.223
255 0.587254        948.81
256 25.1116        973.922
257 -0.699809        974.622
258 0.410357        975.032
259 5.45227        980.484
260 -0.935696        981.42
261 0.25301        981.673
262 2.98769        984.661
263 -1.24419        985.905
264 0.106618        986.012
265 1.99535        988.007
266 -1.68571        989.693
267 -0.0353903        989.728
268 1.44251        991.17
269 -2.40652        993.577
270 -0.178839        993.756
271 1.07825        994.834
272 -3.88011        998.714
273 -0.329793        999.044
274 0.811044        999.855
275 -9.00118        1008.86
276 -0.49564        1009.35
277 0.599221        1009.95
278 32.3        1042.25
279 -0.686703        1042.94
280 0.420736        1043.36
281 5.73805        1049.1
282 -0.919231        1050.02
283 0.26245        1050.28
284 3.07794        1053.36
285 -1.22188        1054.58
286 0.115579        1054.69
287 2.04024        1056.73
288 -1.6522        1058.39
289 -0.0265304        1058.41
290 1.47013        1059.88
291 -2.34766        1062.23
292 -0.169719        1062.4
293 1.09758        1063.5
294 -3.74272        1067.24
295 -0.320007        1067.56
296 0.825825        1068.39
297 -8.32874        1076.72
298 -0.484662        1077.2
299 0.611315        1077.81
300 45.2447        1123.06
301 -0.673756        1123.73
302 0.431194        1124.16
303 6.05441        1130.22
304 -0.903031        1131.12
305 0.271933        1131.39
306 3.17324        1134.56
307 -1.20005        1135.76
308 0.124558        1135.89
309 2.08677        1137.97
310 -1.61967        1139.59
311 -0.0176745        1139.61
312 1.49849        1141.11
313 -2.2912        1143.4
314 -0.160626        1143.56
315 1.11728        1144.68
316 -3.61413        1148.29
317 -0.310277        1148.6
318 0.840823        1149.44
319 -7.74863        1157.19
320 -0.473778        1157.67
321 0.623541        1158.29
322 75.4844        1233.78
323 -0.660963        1234.44
324 0.441732        1234.88
325 6.4066        1241.28
326 -0.887089        1242.17
327 0.281462        1242.45
328 3.27406        1245.73
329 -1.17868        1246.91
330 0.133557        1247.04
331 2.13506        1249.17
332 -1.58805        1250.76
333 -0.00882151        1250.77
334 1.5276        1252.3
335 -2.23698        1254.54
336 -0.151559        1254.69
337 1.13738        1255.82
338 -3.49352        1259.32
339 -0.300599        1259.62
340 0.856046        1260.47
341 -7.24299        1267.72
342 -0.462985        1268.18
343 0.635902        1268.82
344 227.5        1496.32
345 -0.648318        1496.97
346 0.452352        1497.42
347 6.80114        1504.22
348 -0.871395        1505.09
349 0.291039        1505.38
350 3.38089        1508.76
351 -1.15775        1509.92
352 0.142577        1510.06
353 2.18521        1512.25
354 -1.5573        1513.81
355 3.01444e-005        1513.81
356 1.55751        1515.36
357 -2.18487        1517.55
358 -0.142516        1517.69
359 1.15789        1518.85
360 -3.38014        1522.23
361 -0.290973        1522.52
362 0.871501        1523.39
363 -6.79829        1530.19
364 -0.452279        1530.64
365 0.648404        1531.29
